%YAML:1.0
K1: !!opencv-matrix
   rows: 3
   cols: 3
   dt: d
   data: [ 4.7049625633194023e+02, 0., 3.1580984734952096e+02, 0.,
       5.2094172054249054e+02, 1.8421451474595401e+02, 0., 0., 1. ]
K2: !!opencv-matrix
   rows: 3
   cols: 3
   dt: d
   data: [ 4.7088233964306511e+02, 0., 3.2645973613431170e+02, 0.,
       5.2173312292335834e+02, 1.8405579663017565e+02, 0., 0., 1. ]
D1: !!opencv-matrix
   rows: 1
   cols: 5
   dt: d
   data: [ 1.1454712097564704e-01, -1.8105180223135139e-01,
       -5.0391170119913889e-03, -6.8930930842375164e-04,
       -3.5606303706773243e-03 ]
D2: !!opencv-matrix
   rows: 1
   cols: 5
   dt: d
   data: [ 1.6608056992360623e-01, -4.8821466405607822e-01,
       -1.0390311634859884e-05, -3.2395507999322102e-03,
       4.8938650481750889e-01 ]
R: !!opencv-matrix
   rows: 3
   cols: 3
   dt: d
   data: [ 9.9992816491932257e-01, -1.0854456826177890e-02,
       -5.0838733348397436e-03, 1.0711594120071088e-02,
       9.9956901034103585e-01, -2.7332312694847122e-02,
       5.3783596461107804e-03, 2.7275892888238923e-02,
       9.9961347475645124e-01 ]
T: [ -9.4704327714381448e-02, -1.5890778897770935e-03,
    -1.5163968803312399e-03 ]
E: !!opencv-matrix
   rows: 3
   cols: 3
   dt: d
   data: [ 7.6963955101462560e-06, 1.4723998106443031e-03,
       -1.6299103047614336e-03, -1.0069340153479223e-03,
       2.5996047632590516e-03, 9.4675431270711471e-02,
       5.7452941834802490e-04, -9.4680759705825415e-02,
       2.5804096279339293e-03 ]
F: !!opencv-matrix
   rows: 3
   cols: 3
   dt: d
   data: [ 9.0075572249808196e-09, 1.5563685178137298e-06,
       -1.1870608297303081e-03, -1.0636154999041220e-06,
       2.4800360950675663e-06, 4.6930935590065406e-02,
       5.0944835432643551e-04, -4.8090582944312461e-02,
       9.9999999999999989e-01 ]
R1: !!opencv-matrix
   rows: 3
   cols: 3
   dt: d
   data: [ 9.9992510867370910e-01, 6.3527008323071973e-03,
       1.0460412802863875e-02, -6.2090733772776335e-03,
       9.9988678636838790e-01, -1.3706270597544722e-02,
       -1.0546300378175114e-02, 1.3640294646111568e-02,
       9.9985134790642760e-01 ]
R2: !!opencv-matrix
   rows: 3
   cols: 3
   dt: d
   data: [ 9.9973114444222233e-01, 1.6774847524875520e-02,
       1.6007602030333083e-02, -1.6992174358078850e-02,
       9.9976396050330163e-01, 1.3538437477687989e-02,
       -1.5776718379593185e-02, -1.3806801558282646e-02,
       9.9978020954002733e-01 ]
P1: !!opencv-matrix
   rows: 3
   cols: 4
   dt: d
   data: [ 5.2094172054249054e+02, 0., 3.0916480255126953e+02, 0., 0.,
       5.2094172054249054e+02, 1.8304801177978516e+02, 0., 0., 0., 1.,
       0. ]
P2: !!opencv-matrix
   rows: 3
   cols: 4
   dt: d
   data: [ 5.2094172054249054e+02, 0., 3.0916480255126953e+02,
       -4.9348703095446069e+01, 0., 5.2094172054249054e+02,
       1.8304801177978516e+02, 0., 0., 0., 1., 0. ]
Q: !!opencv-matrix
   rows: 4
   cols: 4
   dt: d
   data: [ 1., 0., 0., -3.0916480255126953e+02, 0., 1., 0.,
       -1.8304801177978516e+02, 0., 0., 0., 5.2094172054249054e+02, 0.,
       0., 1.0556340650633297e+01, 0. ]